<?xml version="1.0"?>
<opencv_storage>
<calibration_Time>"Don 09 Mär 2017 22:12:25 CET"</calibration_Time>
<nrOfFrames>8</nrOfFrames>
<image_width>1280</image_width>
<image_height>960</image_height>
<board_Width>8</board_Width>
<board_Height>6</board_Height>
<square_Size>38.</square_Size>
<FixAspectRatio>1.</FixAspectRatio>
<!-- flags:  +fix_aspectRatio +fix_principal_point +zero_tangent_dist -->
<flagValue>14</flagValue>
<camera_matrix type_id="opencv-matrix">
  <rows>3</rows>
  <cols>3</cols>
  <dt>d</dt>
  <data>
    1.2038654674397162e+03 0. 6.3950000000000000e+02 0.
    1.2038654674397162e+03 4.7950000000000000e+02 0. 0. 1.</data></camera_matrix>
<distortion_coefficients type_id="opencv-matrix">
  <rows>5</rows>
  <cols>1</cols>
  <dt>d</dt>
  <data>
    2.3133579977115318e-01 -1.2940398301639593e+00 0. 0.
    2.1207037740564649e+00</data></distortion_coefficients>
<Avg_Reprojection_Error>3.5426050691345018e-01</Avg_Reprojection_Error>
<Per_View_Reprojection_Errors type_id="opencv-matrix">
  <rows>8</rows>
  <cols>1</cols>
  <dt>f</dt>
  <data>
    2.44678766e-01 2.77202815e-01 1.95776314e-01 3.14503878e-01
    1.30307719e-01 3.60542059e-01 6.07892752e-01 4.62114245e-01</data></Per_View_Reprojection_Errors>
<!-- a set of 6-tuples (rotation vector + translation vector) for each view -->
<Extrinsic_Parameters type_id="opencv-matrix">
  <rows>8</rows>
  <cols>6</cols>
  <dt>d</dt>
  <data>
    1.5771016845828303e-01 -4.0281067683743427e-02
    6.3825387576988736e-04 -2.0692752184298794e+02
    -1.2750313633179253e+02 8.5241522588272517e+02
    -1.1895301333543448e-01 -3.4153480283659349e-01
    -1.3815456470622314e-01 -2.2063572405209450e+02
    -9.1266139801198847e+01 7.1657518590171867e+02
    2.5957442627980226e-01 -1.8430164845276586e-01
    -8.3940755656471008e-02 -2.5446812499394457e+02
    -1.7316577819321040e+02 1.4217703258945783e+03
    -2.7776216776027673e-01 1.8721158314011327e-01
    -1.3809249394850773e-01 -1.6438913794143167e+02
    -1.4039992901795097e+02 1.1406574595808679e+03
    1.0010946947383123e-01 -3.1936396403042938e-01
    2.9012247769339317e-01 -3.9064904066200074e+02
    -2.2750213369812727e+02 1.0821848901857361e+03
    -2.7716792582333083e-01 -7.5875321706731502e-01
    -8.8571006407147579e-01 -4.1428063103922079e+02
    -1.1033766441045312e+02 9.6663727249779356e+02
    -5.6696554932830800e-01 4.4756975340905264e-01
    -1.1854623474766464e-01 -8.7273520082191666e+01
    -6.1501522384712281e+01 8.6755136874169148e+02
    1.0394212035742045e-01 9.5034136655409371e-03
    -3.2462777081459990e-02 -1.9172694847038440e+02
    -8.7238025956574489e+01 5.6333547430553028e+02</data></Extrinsic_Parameters>
<Image_points type_id="opencv-matrix">
  <rows>8</rows>
  <cols>48</cols>
  <dt>"2f"</dt>
  <data>
    3.44156006e+02 2.97690735e+02 3.99071075e+02 2.97996094e+02
    4.53944824e+02 2.98436584e+02 5.08167664e+02 2.98979279e+02
    5.62002686e+02 2.99393463e+02 6.15562317e+02 2.99570251e+02
    6.68876282e+02 2.99606598e+02 7.22385376e+02 2.99542053e+02
    3.45958710e+02 3.52168488e+02 4.01026367e+02 3.52552429e+02
    4.55164215e+02 3.52807281e+02 5.09096741e+02 3.53123322e+02
    5.62422119e+02 3.53257538e+02 6.15605103e+02 3.53362793e+02
    6.68474182e+02 3.53343292e+02 7.21457581e+02 3.53210449e+02
    3.48254944e+02 4.05847687e+02 4.02390747e+02 4.06126831e+02
    4.56401337e+02 4.06220001e+02 5.09707336e+02 4.06328308e+02
    5.62748718e+02 4.06432678e+02 6.15401428e+02 4.06345490e+02
    6.68029663e+02 4.06248047e+02 7.20357117e+02 4.06146759e+02
    3.49922791e+02 4.58737213e+02 4.03478638e+02 4.58773224e+02
    4.57416992e+02 4.58546844e+02 5.10365265e+02 4.58543884e+02
    5.63179016e+02 4.58305817e+02 6.15363037e+02 4.58254913e+02
    6.67498047e+02 4.58148560e+02 7.19617004e+02 4.57857483e+02
    3.51644806e+02 5.10764740e+02 4.04941162e+02 5.10863770e+02
    4.58381378e+02 5.10602966e+02 5.11044495e+02 5.10072418e+02
    5.63348206e+02 5.09738434e+02 6.15271118e+02 5.09479248e+02
    6.66979187e+02 5.09378967e+02 7.18783264e+02 5.09201355e+02
    3.53479279e+02 5.62199768e+02 4.06592896e+02 5.61603760e+02
    4.59347992e+02 5.61119629e+02 5.11606384e+02 5.60874756e+02
    5.63532654e+02 5.60698730e+02 6.15245483e+02 5.60303467e+02
    6.66584045e+02 5.60125427e+02 7.18138245e+02 5.59913635e+02
    2.63873505e+02 3.24183258e+02 3.30301544e+02 3.19631714e+02
    3.94283081e+02 3.15676727e+02 4.55924225e+02 3.12049438e+02
    5.15090515e+02 3.08241821e+02 5.72190369e+02 3.04427185e+02
    6.27474854e+02 3.00684326e+02 6.80668457e+02 2.96689484e+02
    2.72620850e+02 3.87106323e+02 3.38891327e+02 3.82195190e+02
    4.03194092e+02 3.77008728e+02 4.64726807e+02 3.72158478e+02
    5.23973633e+02 3.67046387e+02 5.81517456e+02 3.61729065e+02
    6.36596680e+02 3.57227936e+02 6.89706238e+02 3.52600464e+02
    2.81302277e+02 4.50974091e+02 3.47793976e+02 4.44444458e+02
    4.12150574e+02 4.37987823e+02 4.74049988e+02 4.31491180e+02
    5.33287781e+02 4.25703674e+02 5.89939453e+02 4.19828766e+02
    6.45458008e+02 4.14214050e+02 6.98750427e+02 4.08636139e+02
    2.89588226e+02 5.15495544e+02 3.56597809e+02 5.07214996e+02
    4.20891815e+02 4.99754486e+02 4.82713043e+02 4.92135620e+02
    5.41670288e+02 4.85116730e+02 5.99325073e+02 4.77963104e+02
    6.54368164e+02 4.71415070e+02 7.07952576e+02 4.65251892e+02
    2.97896698e+02 5.80291199e+02 3.65355225e+02 5.70830688e+02
    4.29982574e+02 5.61796692e+02 4.91518005e+02 5.53237366e+02
    5.51069458e+02 5.44712036e+02 6.08130493e+02 5.36918884e+02
    6.63493347e+02 5.29263916e+02 7.17428894e+02 5.21926575e+02
    3.06400665e+02 6.46055786e+02 3.73227051e+02 6.35361450e+02
    4.38284210e+02 6.24794434e+02 5.00519043e+02 6.14777100e+02
    5.59971313e+02 6.05322632e+02 6.17309814e+02 5.96281433e+02
    6.72638123e+02 5.87571045e+02 7.26811096e+02 5.79333008e+02
    4.22409271e+02 3.31642029e+02 4.55079529e+02 3.29195007e+02
    4.87489655e+02 3.26518494e+02 5.19778137e+02 3.23829926e+02
    5.51304260e+02 3.21389893e+02 5.82677429e+02 3.18580170e+02
    6.13790100e+02 3.15940491e+02 6.44637695e+02 3.13493622e+02
    4.26089783e+02 3.64005676e+02 4.58485779e+02 3.60984985e+02
    4.90456848e+02 3.58234406e+02 5.22364014e+02 3.55477783e+02
    5.53621704e+02 3.52870056e+02 5.84919067e+02 3.50280151e+02
    6.15887024e+02 3.47434631e+02 6.46462830e+02 3.44773682e+02
    4.29696594e+02 3.95655121e+02 4.61597870e+02 3.92553406e+02
    4.93569000e+02 3.89735931e+02 5.25251953e+02 3.86964386e+02
    5.56407532e+02 3.84241486e+02 5.87242615e+02 3.81204651e+02
    6.17736877e+02 3.78408325e+02 6.48390320e+02 3.75573822e+02
    4.32955994e+02 4.26736298e+02 4.64886932e+02 4.23749786e+02
    4.96367584e+02 4.20556671e+02 5.27713684e+02 4.17585632e+02
    5.58648926e+02 4.14531219e+02 5.89363037e+02 4.11624298e+02
    6.19710388e+02 4.08625793e+02 6.49990417e+02 4.05667725e+02
    4.36407715e+02 4.57395874e+02 4.68105530e+02 4.54455170e+02
    4.99355560e+02 4.51230835e+02 5.30393921e+02 4.47889771e+02
    5.61150696e+02 4.44731750e+02 5.91271362e+02 4.41572693e+02
    6.21706360e+02 4.38534851e+02 6.51535217e+02 4.35459747e+02
    4.39509125e+02 4.87269470e+02 4.70903351e+02 4.84022827e+02
    5.01991180e+02 4.80839691e+02 5.32908020e+02 4.77692017e+02
    5.63428833e+02 4.74611847e+02 5.93541992e+02 4.71362122e+02
    6.23559509e+02 4.68111511e+02 6.53323059e+02 4.65130005e+02
    4.64556488e+02 3.29948517e+02 5.03491486e+02 3.23248688e+02
    5.42613525e+02 3.16054016e+02 5.81745667e+02 3.08704498e+02
    6.21767456e+02 3.01095520e+02 6.62113464e+02 2.93134399e+02
    7.02872498e+02 2.85242889e+02 7.44048401e+02 2.76899384e+02
    4.67434845e+02 3.67564331e+02 5.07138031e+02 3.61239105e+02
    5.46360596e+02 3.54127045e+02 5.86109985e+02 3.46675842e+02
    6.26207275e+02 3.39022034e+02 6.66517090e+02 3.31112000e+02
    7.07810364e+02 3.23400146e+02 7.49617310e+02 3.15554749e+02
    4.70578156e+02 4.05693695e+02 5.10158813e+02 3.99178894e+02
